####################################################################################################
###################################### SAMPLE SIMULATION MTE #######################################
####################################################################################################
# Each path row (for each species) shows the population at succeeding time steps. See the original
# input file for details of the number of periods and their spacing.

# SPECIES 0
PATCH_0 : 2.03252,5.18433,3.83197,4.14977,3.72334,3.80957,3.58055,3.64063,3.4849,3.53336,3.41771,3.45557,3.36618,3.39402,3.32317,3.34287,3.28521,3.29811,3.25042,3.25797,3.21726,3.22035,3.18542,3.18532,3.15443,3.1516,3.1241,3.11904,3.09429,3.08739,3.0646,3.0565,3.03534,3.02623,3.00645,2.99642,2.97793,2.96698,2.94941,2.93808,2.92127,2.90975,2.89316,2.8815,2.86577,2.8536,2.83835,2.826,2.81133,2.79878
PATCH_1 : 0,0.54042,0.363217,0.361173,0.340783,0.33233,0.32322,0.317671,0.312381,0.308594,0.304969,0.302178,0.29939,0.297181,0.294885,0.293027,0.291011,0.289385,0.287571,0.286044,0.284381,0.282935,0.281353,0.279973,0.278481,0.277128,0.275667,0.274352,0.272945,0.271642,0.270259,0.268972,0.267632,0.266352,0.265038,0.263771,0.262476,0.261222,0.25994,0.258693,0.257438,0.256206,0.25495,0.253739,0.252503,0.25131,0.250096,0.248891,0.24767,0.246485
PATCH_2 : 10.1626,5.97851,6.51648,5.87161,5.70675,5.56916,5.37388,5.34557,5.19482,5.1907,5.07782,5.07729,4.991,4.98925,4.92051,4.91593,4.85982,4.85213,4.80477,4.79463,4.75312,4.74116,4.7044,4.69043,4.65721,4.64154,4.61114,4.59464,4.5656,4.54868,4.52153,4.50364,4.47798,4.45924,4.43487,4.41587,4.39172,4.37295,4.34954,4.33055,4.30801,4.28874,4.26671,4.24723,4.22566,4.20588,4.18514,4.16576,4.14506,4.12569
PATCH_3 : 2.03252,0.226005,0.255953,0.222317,0.219765,0.204203,0.205006,0.194424,0.196302,0.188693,0.190511,0.184815,0.186287,0.1819,0.182973,0.179494,0.180223,0.177401,0.177815,0.175468,0.175649,0.173659,0.173652,0.171926,0.171772,0.170243,0.169958,0.168577,0.168204,0.16695,0.166508,0.165349,0.164842,0.163773,0.163227,0.162202,0.161615,0.160654,0.160026,0.159109,0.158473,0.157583,0.156942,0.156086,0.155423,0.154589,0.153917,0.153117,0.152434,0.15165
PATCH_4 : 25.4065,22.6016,20.8152,20.7546,19.0344,19.4533,18.1782,18.6396,17.6883,18.0809,17.3597,17.6677,17.111,17.3411,16.9032,17.0703,16.719,16.8354,16.5468,16.6243,16.3837,16.4299,16.2251,16.247,16.0701,16.0731,15.9167,15.9055,15.7661,15.7425,15.6166,15.5841,15.4686,15.4294,15.3219,15.2765,15.176,15.1258,15.0316,14.9788,14.8885,14.8327,14.7469,14.6886,14.6062,14.5466,14.4668,14.4059,14.3287,14.2669
PATCH_5 : 26.4228,20.7828,23.68,20.5993,21.994,20.0438,21.094,19.6643,20.4791,19.3904,20.0149,19.1695,19.6409,18.9741,19.3264,18.7933,19.0522,18.6186,18.8072,18.4486,18.5803,18.2801,18.3688,18.1131,18.1676,17.9464,17.9747,17.7814,17.7881,17.6171,17.6062,17.4526,17.4289,17.2893,17.2557,17.1265,17.0843,16.9654,16.9163,16.8052,16.7517,16.6452,16.5876,16.4881,16.4266,16.3319,16.268,16.1761,16.1099,16.022
PATCH_6 : 8.13008,10.1823,7.81416,9.09789,7.96467,8.76236,7.98921,8.56124,7.96329,8.39917,7.92135,8.2582,7.87118,8.13196,7.81581,8.01788,7.75848,7.91318,7.69836,7.81582,7.63624,7.72459,7.57312,7.63752,7.50858,7.55448,7.44376,7.47421,7.37844,7.39672,7.31262,7.32091,7.24703,7.24725,7.18061,7.17492,7.11406,7.10345,7.0481,7.03373,6.98246,6.96498,6.91751,6.89687,6.8526,6.82969,6.78799,6.76416,6.72322,6.69838
PATCH_7 : 12.1951,8.55092,9.85277,8.27327,9.18958,8.23949,8.8825,8.17488,8.68022,8.10638,8.51733,8.04234,8.37672,7.98067,8.25121,7.92062,8.13743,7.86054,8.03272,7.80012,7.93467,7.73877,7.84249,7.6758,7.75449,7.61279,7.67,7.54868,7.58882,7.48385,7.51008,7.41863,7.43337,7.35253,7.35877,7.28624,7.28489,7.22007,7.21321,7.15382,7.142,7.08775,7.07235,7.02225,7.00343,6.95688,6.93539,6.89182,6.8686,6.82677
PATCH_8 : 12.1951,13.3105,10.7755,11.4776,10.1364,10.6796,9.75624,10.2395,9.50878,9.94549,9.33934,9.72513,9.21468,9.54587,9.11689,9.39372,9.03176,9.2594,8.95457,9.13825,8.88067,9.02601,8.80736,8.92028,8.73462,8.82068,8.66196,8.72496,8.58861,8.63279,8.51457,8.54352,8.44,8.45677,8.36561,8.37205,8.2904,8.28863,8.21478,8.20664,8.14007,8.12636,8.06496,8.0473,7.99027,7.96901,7.91653,7.89218,7.8422,7.81616
PATCH_9 : 14.2276,9.06917,9.29784,8.02222,8.16716,7.41647,7.63669,7.06746,7.31673,6.85159,7.09913,6.70935,6.93774,6.60854,6.80915,6.53135,6.70074,6.46573,6.60591,6.40747,6.52071,6.35213,6.44147,6.29807,6.36738,6.24496,6.29711,6.19213,6.22969,6.13896,6.16426,6.08595,6.10171,6.03207,6.04013,5.97846,5.97959,5.92439,5.92024,5.8705,5.86222,5.81662,5.80524,5.763,5.74901,5.70995,5.69318,5.6565,5.63853,5.60356
PATCH_10 : 1.01626,1.92947,1.59564,1.49091,1.44708,1.38162,1.36202,1.32117,1.31169,1.28327,1.27784,1.2566,1.25268,1.23617,1.23263,1.21922,1.21566,1.20432,1.20069,1.19081,1.18694,1.1781,1.17399,1.166,1.16166,1.15428,1.14977,1.14287,1.1382,1.13167,1.12693,1.12066,1.11586,1.10978,1.10495,1.09909,1.09423,1.08844,1.08353,1.07804,1.07311,1.06765,1.06274,1.05734,1.05249,1.0472,1.04234,1.03714,1.03238,1.02728
PATCH_11 : 0,0.163693,0.126367,0.119804,0.11692,0.110848,0.110648,0.106252,0.106651,0.103434,0.103882,0.101457,0.101809,0.0999232,0.100148,0.0986367,0.0987411,0.0974969,0.0974963,0.0964435,0.0963615,0.0954499,0.0952874,0.0944891,0.0942807,0.0935557,0.0933038,0.0926417,0.092356,0.0917459,0.0914336,0.0908578,0.0905308,0.0899821,0.0896432,0.0891213,0.088763,0.0882618,0.0878973,0.0874145,0.087047,0.0865792,0.0862055,0.0857503,0.0853726,0.0849282,0.0845518,0.0841133,0.0837318,0.0833098
PATCH_12 : 20.3252,22.7287,21.0005,19.879,20.2059,18.8543,19.4491,18.3446,18.8703,18.0178,18.4294,17.7735,18.0821,17.5687,17.7933,17.3848,17.5436,17.2122,17.3209,17.0456,17.1165,16.8838,16.9231,16.7245,16.74,16.5666,16.5647,16.4107,16.3945,16.256,16.2281,16.1028,16.0656,15.9508,15.9064,15.7984,15.7494,15.6486,15.5959,15.4996,15.4438,15.3526,15.2932,15.2053,15.1446,15.0608,14.998,14.9172,14.8538,14.7743
PATCH_13 : 24.3902,29.1225,26.649,30.1561,27.608,30.144,27.9471,29.7658,28.0049,29.3243,27.9392,28.9029,27.8052,28.5119,27.6325,28.1487,27.4351,27.8103,27.2207,27.4903,26.9974,27.1848,26.7679,26.8904,26.5323,26.6081,26.2961,26.3329,26.0586,26.0641,25.8209,25.8011,25.582,25.5423,25.3419,25.289,25.1047,25.0418,24.8697,24.7957,24.6345,24.5535,24.4007,24.3136,24.17,24.0785,23.9409,23.8459,23.7125,23.6159
PATCH_14 : 23.374,19.2086,24.7045,22.7546,26.4765,24.3665,26.9815,25.1033,27.0049,25.4247,26.8344,25.5273,26.5848,25.5083,26.3063,25.4155,26.0202,25.2795,25.7342,25.1153,25.4543,24.9322,25.1818,24.7369,24.9156,24.5347,24.6562,24.3255,24.4021,24.1137,24.1549,23.9002,23.9111,23.6846,23.6717,23.4676,23.4379,23.2507,23.2082,23.0358,22.9813,22.8198,22.756,22.6072,22.5351,22.3947,22.3167,22.1828,22.1022,21.9729
PATCH_15 : 20.3252,24.5974,23.9608,27.5683,25.4793,28.1543,26.0983,28.1778,26.3516,27.9944,26.4205,27.7228,26.3889,27.4183,26.2936,27.1065,26.1594,26.7977,25.9986,26.494,25.8198,26.2008,25.629,25.9156,25.4296,25.641,25.2222,25.3722,25.01,25.1118,24.7955,24.856,24.578,24.6056,24.3596,24.3593,24.1387,24.1191,23.9187,23.8829,23.6985,23.6495,23.4785,23.4196,23.2608,23.1925,23.0427,22.9687,22.8272,22.7473
PATCH_16 : 22.3577,27.459,29.0931,26.8781,28.3238,26.0847,27.4989,25.5337,26.845,25.1515,26.3145,24.8674,25.8645,24.6365,25.4716,24.431,25.1177,24.2384,24.7945,24.05,24.4908,23.8612,24.2061,23.6704,23.9348,23.478,23.6747,23.2833,23.4257,23.0866,23.1823,22.8852,22.945,22.685,22.714,22.4821,22.4876,22.2802,22.2645,22.0779,22.0466,21.8752,21.8312,21.6724,21.6198,21.4716,21.4109,21.2717,21.2041,21.0731
PATCH_17 : 22.3577,23.4653,21.1209,21.222,19.4609,19.9669,18.4784,19.1446,17.8819,18.571,17.4974,18.1421,17.2306,17.8014,17.0277,17.5142,16.8596,17.2636,16.7096,17.0378,16.5678,16.8299,16.4298,16.6344,16.294,16.4484,16.1571,16.271,16.0202,16.1001,15.8827,15.9344,15.7438,15.7735,15.6036,15.6152,15.4634,15.46,15.3241,15.3073,15.1844,15.1581,15.0449,15.0108,14.9061,14.8659,14.7673,14.7228,14.6295,14.5804
PATCH_18 : 2.03252,1.72226,1.36664,1.31041,1.20772,1.20263,1.12801,1.14196,1.08152,1.10234,1.05219,1.0743,1.03227,1.05307,1.01753,1.0358,1.00579,1.02114,0.995488,1.00796,0.986136,0.995962,0.977273,0.984722,0.968646,0.974022,0.960101,0.963723,0.95158,0.95385,0.943217,0.94419,0.934765,0.934783,0.92633,0.925635,0.917873,0.916537,0.909474,0.907643,0.901085,0.89876,0.89271,0.890114,0.884441,0.881547,0.876204,0.873085,0.867945,0.864734
PATCH_19 : 6.09756,5.26029,5.05841,5.50219,5.34027,5.47376,5.36922,5.42399,5.35298,5.37645,5.32298,5.33061,5.28649,5.28453,5.24633,5.23777,5.20293,5.19003,5.15727,5.14181,5.11077,5.09306,5.06356,5.04415,5.01576,4.99533,4.96763,4.94685,4.92018,4.89852,4.87215,4.85074,4.82544,4.8033,4.77868,4.75667,4.73225,4.71011,4.68613,4.66429,4.64095,4.61891,4.59591,4.57432,4.55193,4.53018,4.50789,4.48619,4.46432,4.44328
PATCH_20 : 1.01626,4.10797,4.0711,4.19801,4.28087,4.30135,4.32331,4.30409,4.31016,4.27893,4.279,4.24547,4.24223,4.20941,4.20247,4.17147,4.16252,4.13324,4.12209,4.09447,4.08199,4.05608,4.04207,4.01726,4.00249,3.97897,3.96344,3.94108,3.92494,3.90334,3.88667,3.86601,3.8489,3.82877,3.81172,3.79175,3.77474,3.75539,3.73825,3.71952,3.70228,3.68361,3.66658,3.6482,3.6311,3.6131,3.59627,3.57864,3.56163,3.54417
PATCH_21 : 3.04878,2.76071,2.23182,2.75629,2.35372,2.57687,2.3732,2.48162,2.36779,2.42496,2.35481,2.3861,2.33842,2.35534,2.3203,2.32853,2.30088,2.30393,2.28085,2.28037,2.26025,2.25721,2.23946,2.2345,2.21842,2.21211,2.19725,2.19013,2.17615,2.16839,2.15513,2.1468,2.13419,2.12559,2.11347,2.10459,2.09304,2.08393,2.07282,2.06344,2.0527,2.04333,2.0327,2.02352,2.0132,2.00387,1.99364,1.98442,1.97447,1.96522
PATCH_22 : 21.3415,14.3482,20.7477,17.9661,21.4644,19.388,21.4914,19.9975,21.3483,20.2539,21.1559,20.3314,20.9498,20.3085,20.738,20.2262,20.5255,20.1063,20.3136,19.9649,20.1054,19.8095,19.8991,19.6439,19.6964,19.4734,19.4971,19.3007,19.3008,19.1246,19.1076,18.9488,18.9168,18.7728,18.7297,18.5964,18.5458,18.4197,18.3637,18.2465,18.1833,18.0733,18.0067,17.9017,17.8319,17.7308,17.6591,17.5616,17.4885,17.3943
PATCH_23 : 14.2276,23.4995,21.3368,26.553,24.3806,27.9955,26.03,28.5707,26.9059,28.7167,27.3368,28.6476,27.5096,28.4687,27.5277,28.2351,27.4524,27.9741,27.316,27.6997,27.1451,27.4231,26.9492,27.1456,26.7394,26.8726,26.5187,26.602,26.2923,26.3354,26.0612,26.0721,25.8277,25.8137,25.5929,25.5587,25.3574,25.3078,25.1221,25.0604,24.8884,24.818,24.6555,24.5755,24.4225,24.3391,24.1932,24.1046,23.9654,23.8718
PATCH_24 : 22.3577,22.1486,25.9808,24.5618,27.6971,25.9855,28.498,26.8257,28.7808,27.2747,28.7829,27.4755,28.6363,27.5211,28.4155,27.4684,28.1577,27.3542,27.882,27.1982,27.6008,27.0184,27.3182,26.8214,27.0407,26.6131,26.7654,26.3953,26.4968,26.1709,26.2308,25.9441,25.97,25.7138,25.7129,25.4837,25.4599,25.2532,25.2122,25.0212,24.9667,24.7906,24.7246,24.5598,24.4858,24.3311,24.2504,24.104,24.018,23.8769
PATCH_25 : 18.2927,15.9892,15.9982,16.3997,15.3715,16.1443,15.0428,15.8499,14.8413,15.5807,14.6968,15.3393,14.5796,15.1193,14.4723,14.9171,14.3685,14.7295,14.2631,14.553,14.1565,14.3851,14.0482,14.2236,13.9369,14.0685,13.8239,13.9196,13.7086,13.7755,13.5918,13.6346,13.4728,13.4971,13.3539,13.3623,13.2341,13.2294,13.115,13.0999,12.9952,12.9722,12.8758,12.846,12.7566,12.7217,12.6382,12.5992,12.5204,12.4778
PATCH_26 : 16.2602,14.5641,13.6056,12.7692,12.8823,11.9823,12.3665,11.5372,11.9895,11.2645,11.7059,11.0827,11.4808,10.9487,11.2922,10.8408,11.128,10.7449,10.9805,10.655,10.8447,10.5676,10.7172,10.482,10.5965,10.3956,10.4808,10.3085,10.3697,10.221,10.2625,10.1326,10.1579,10.0432,10.0559,9.95327,9.95567,9.86391,9.85757,9.77441,9.76076,9.6853,9.66533,9.59624,9.57192,9.5074,9.47972,9.41882,9.38854,9.33055
PATCH_27 : 1.01626,0.229385,0.227699,0.205806,0.203004,0.19062,0.190707,0.181386,0.18297,0.175566,0.177733,0.17166,0.173904,0.168851,0.170917,0.166632,0.168416,0.164783,0.166226,0.163123,0.16424,0.161576,0.162401,0.160087,0.160667,0.15864,0.158981,0.157205,0.157364,0.155776,0.155782,0.154366,0.154256,0.152975,0.152744,0.151563,0.151254,0.150162,0.149784,0.148779,0.148344,0.147393,0.146919,0.146024,0.145506,0.144653,0.144114,0.143297,0.142741,0.141954
PATCH_28 : 1.01626,0.54237,0.418617,0.372086,0.35064,0.332123,0.323482,0.312983,0.308521,0.301934,0.299257,0.29477,0.292937,0.289592,0.288159,0.285485,0.284221,0.281985,0.280752,0.278799,0.277577,0.275787,0.274587,0.272907,0.271676,0.270085,0.268838,0.267326,0.26609,0.26462,0.263365,0.261955,0.260697,0.259319,0.258091,0.256752,0.255504,0.254202,0.252968,0.251676,0.250479,0.249221,0.248017,0.246771,0.245597,0.244367,0.243187,0.241983,0.240817,0.239646
PATCH_29 : 24.3902,12.6534,21.1727,13.6749,17.6875,13.9525,16.0359,13.9826,15.1559,13.929,14.6337,13.8439,14.2881,13.7436,14.0329,13.6351,13.8265,13.5222,13.6475,13.4048,13.4841,13.2855,13.3317,13.1636,13.1848,13.0406,13.044,12.9169,12.9068,12.7933,12.7722,12.67,12.6416,12.5482,12.5134,12.4268,12.3871,12.3058,12.2633,12.1875,12.1413,12.069,12.0212,11.9529,11.9037,11.8377,11.787,11.7232,11.6722,11.6102
PATCH_30 : 16.2602,29.5263,21.4133,28.475,23.3815,27.2994,24.2362,26.5805,24.6263,26.0978,24.7694,25.7278,24.7724,25.4136,24.6911,25.1263,24.5585,24.853,24.3931,24.5895,24.2074,24.3328,24.0073,24.0811,23.8001,23.8323,23.5874,23.5905,23.3714,23.3517,23.1547,23.1165,22.937,22.8859,22.7207,22.6582,22.5039,22.4341,22.2893,22.2129,22.0779,21.9951,21.8666,21.781,21.6567,21.5691,21.4499,21.3594,21.2445,21.1522
PATCH_31 : 2.03252,2.55826,2.96987,3.05101,3.26912,3.28496,3.4129,3.40274,3.48093,3.45797,3.50572,3.47736,3.50634,3.47629,3.4927,3.46326,3.471,3.44288,3.4449,3.41806,3.41616,3.39082,3.3858,3.36199,3.35452,3.33213,3.32314,3.3017,3.29161,3.27144,3.25993,3.24083,3.22875,3.21022,3.19762,3.18,3.16662,3.14954,3.13622,3.11948,3.10612,3.08982,3.07639,3.06047,3.04671,3.03117,3.01743,3.00216,2.98859,2.97365
PATCH_32 : 3.04878,1.39346,1.24659,1.39422,1.27083,1.34887,1.28766,1.32885,1.2943,1.3162,1.29386,1.30535,1.28896,1.29445,1.28143,1.28331,1.27219,1.2717,1.26193,1.25993,1.25096,1.2479,1.23971,1.23584,1.22823,1.22381,1.21657,1.21187,1.20496,1.20006,1.19342,1.18827,1.18189,1.17675,1.17048,1.16525,1.15912,1.15387,1.14799,1.14263,1.13686,1.13159,1.12592,1.12063,1.11503,1.1098,1.10437,1.09914,1.0937,1.08855
PATCH_33 : 20.3252,21.7242,26.1195,22.7794,26.5312,24.2852,26.9934,25.3304,27.2074,25.9264,27.2291,26.216,27.1282,26.3129,26.9576,26.288,26.7457,26.1885,26.5108,26.0405,26.2648,25.8626,26.0128,25.6646,25.7592,25.4549,25.5061,25.2385,25.2547,25.0147,25.0062,24.7899,24.7607,24.5634,24.5179,24.3364,24.2787,24.1106,24.0414,23.8847,23.8087,23.6621,23.5776,23.4373,23.3505,23.2159,23.125,22.9953,22.9031,22.7781
PATCH_34 : 21.3415,23.9568,21.4677,23.4151,22.5053,24.3817,23.5074,25.0271,24.1583,25.3249,24.5164,25.3958,24.6751,25.3339,24.7018,25.1949,24.6465,25.0113,24.5357,24.8045,24.3902,24.5832,24.2224,24.355,24.0404,24.1258,23.8481,23.8958,23.6481,23.6668,23.4437,23.4383,23.2373,23.2135,23.0294,22.9912,22.8222,22.7704,22.6136,22.5519,22.4053,22.3349,22.1977,22.1226,21.9908,21.9109,21.7859,21.7022,21.5814,21.4945
PATCH_35 : 14.2276,8.73062,8.64016,8.51198,8.76378,8.70903,8.96184,8.8486,9.06796,8.92458,9.10399,8.95341,9.09372,8.94897,9.05641,8.92081,9.00152,8.87815,8.93662,8.82458,8.8653,8.76425,8.79026,8.69939,8.7134,8.63104,8.63541,8.56016,8.55723,8.48818,8.47814,8.41446,8.39976,8.34033,8.32163,8.26643,8.24416,8.19243,8.16722,8.11753,8.09033,8.04351,8.01389,7.96941,7.93915,7.89553,7.86397,7.822,7.79006,7.74897
PATCH_36 : 5.0813,3.34534,3.09046,3.10254,3.09236,3.1149,3.0966,3.11216,3.09397,3.10216,3.08565,3.08811,3.07301,3.07086,3.0562,3.05126,3.03713,3.02991,3.01599,3.00731,2.9935,2.98367,2.97022,2.95953,2.94594,2.93477,2.92126,2.90974,2.89634,2.8842,2.87124,2.85884,2.84565,2.83333,2.82027,2.80774,2.79475,2.78237,2.76945,2.75697,2.74398,2.73154,2.71888,2.70635,2.69372,2.68116,2.66867,2.65607,2.64373,2.63141
PATCH_37 : 10.1626,1.58774,2.21823,1.27873,1.66941,1.24544,1.45093,1.22406,1.33855,1.20592,1.27402,1.19036,1.23324,1.17677,1.20481,1.1644,1.18316,1.1528,1.1653,1.14162,1.14965,1.13059,1.13555,1.11968,1.12224,1.10877,1.10961,1.09795,1.09751,1.08729,1.08582,1.07662,1.0744,1.0661,1.06325,1.05565,1.05243,1.04529,1.04174,1.03513,1.03123,1.02506,1.02105,1.01515,1.01096,1.00529,1.00095,0.995487,0.99119,0.985838
PATCH_38 : 18.2927,40.2945,21.6795,30.2954,21.7267,26.1759,21.5901,24.0592,21.3825,22.8485,21.1656,22.0886,20.9557,21.5622,20.7546,21.163,20.5603,20.8363,20.3682,20.5522,20.1767,20.2956,19.9853,20.0547,19.794,19.8269,19.6035,19.6089,19.4138,19.399,19.2247,19.1931,19.0373,18.9942,18.8521,18.7995,18.6671,18.6082,18.4859,18.4208,18.3073,18.2379,18.1295,18.0569,17.9535,17.8787,17.7794,17.7042,17.6077,17.5299
PATCH_39 : 32.5203,21.1018,30.2169,21.9695,26.9495,22.172,25.0184,22.1459,23.8705,22.0357,23.1333,21.8867,22.6155,21.7209,22.2153,21.5451,21.8838,21.3606,21.5909,21.1725,21.3245,20.9783,21.0747,20.7852,20.8366,20.5895,20.6068,20.393,20.3879,20.1982,20.1737,20.0031,19.9651,19.8103,19.7602,19.6175,19.5595,19.4272,19.3627,19.2403,19.1705,19.0549,18.9805,18.8702,18.7931,18.6875,18.61,18.5074,18.4281,18.3287
PATCH_40 : 15.2439,9.3802,8.55913,9.51176,8.61504,9.53854,8.88968,9.54931,9.07391,9.52518,9.16757,9.47464,9.19643,9.40622,9.18446,9.32818,9.14631,9.24426,9.09198,9.15634,9.02715,9.06722,8.95603,8.9779,8.88034,8.88955,8.80313,8.80081,8.72363,8.71392,8.64403,8.6282,8.5639,8.54326,8.48371,8.45916,8.40399,8.37663,8.3244,8.29504,8.24583,8.21495,8.16743,8.13499,8.08978,8.05648,8.01293,7.97889,7.93668,7.90266
PATCH_41 : 7.11382,9.55588,9.38532,9.44485,9.40029,9.88382,9.66922,10.1205,9.8682,10.2163,9.97545,10.2292,10.0144,10.195,10.0078,10.1344,9.97035,10.0579,9.9155,9.97279,9.84731,9.88281,9.77224,9.79017,9.69128,9.6971,9.60877,9.60353,9.52366,9.51093,9.43693,9.41905,9.3511,9.32751,9.26442,9.23794,9.17797,9.14847,9.09299,9.06093,9.00754,8.97356,8.9227,8.8872,8.83826,8.80225,8.75496,8.71852,8.67186,8.63446
PATCH_42 : 24.3902,22.78,22.9971,23.6732,24.1471,24.3218,24.9228,24.7594,25.3193,25.0034,25.4676,25.1016,25.464,25.0954,25.3703,25.0184,25.2193,24.8947,25.0374,24.7405,24.8367,24.5653,24.6215,24.378,24.4044,24.1821,24.1822,23.9788,23.9584,23.771,23.7367,23.5621,23.5139,23.3532,23.2941,23.1424,23.0747,22.9318,22.8581,22.7212,22.6418,22.5123,22.427,22.3034,22.215,22.0947,22.0065,21.8891,21.7975,21.6842
PATCH_43 : 24.3902,26.0815,28.5025,28.1727,28.7483,28.4607,28.5974,28.4948,28.4133,28.4307,28.2371,28.3089,28.0613,28.1465,27.8792,27.9575,27.6881,27.7498,27.4885,27.5308,27.2827,27.303,27.071,27.0706,26.8531,26.8347,26.6315,26.5984,26.4067,26.3601,26.1779,26.1206,25.9504,25.883,25.7219,25.6451,25.4928,25.4096,25.263,25.174,25.0325,24.9399,24.8052,24.7074,24.5755,24.4773,24.3472,24.2471,24.1226,24.0207
PATCH_44 : 17.2764,28.7441,23.9202,24.8781,23.2739,23.4281,22.5751,22.5709,22.0817,22.0041,21.726,21.6056,21.4537,21.3077,21.2266,21.0695,21.0276,20.8645,20.8394,20.6785,20.6595,20.5039,20.4819,20.3317,20.3068,20.1624,20.131,19.9943,19.9547,19.8239,19.778,19.6541,19.6026,19.4838,19.4259,19.3128,19.2511,19.1407,19.0752,18.9692,18.8999,18.7982,18.7261,18.6277,18.5528,18.4568,18.3809,18.2871,18.2094,18.1172
PATCH_45 : 23.374,12.0738,13.2916,11.089,11.14,10.355,10.3201,9.90911,9.86294,9.62235,9.56924,9.42612,9.36741,9.28335,9.22034,9.1702,9.10551,9.07568,9.01014,8.99033,8.92648,8.91036,8.84843,8.83311,8.77313,8.75744,8.69975,8.68144,8.62625,8.60611,8.55295,8.53023,8.47946,8.45489,8.40603,8.37917,8.33234,8.30354,8.25833,8.22838,8.18403,8.15332,8.11011,8.07868,8.0366,8.00371,7.96335,7.92982,7.89026,7.85605
PATCH_46 : 0,1.11907,0.727875,0.666671,0.618994,0.583826,0.56701,0.547518,0.53811,0.525999,0.519803,0.511936,0.507391,0.502134,0.498566,0.494893,0.491806,0.489106,0.486309,0.48417,0.481577,0.479673,0.477217,0.475459,0.473047,0.47135,0.469044,0.467336,0.465037,0.463307,0.461047,0.459294,0.457064,0.455278,0.453061,0.451281,0.4491,0.447252,0.445063,0.443225,0.441067,0.439212,0.437081,0.435182,0.433135,0.431216,0.429174,0.42724,0.425221,0.423303
PATCH_47 : 17.2764,13.7166,17.0865,13.4787,15.1956,13.0377,14.1134,12.7246,13.4284,12.4821,12.9645,12.2874,12.6274,12.1226,12.3656,11.9782,12.1498,11.8451,11.9645,11.719,11.7994,11.5975,11.6477,11.4787,11.5061,11.363,11.3724,11.2484,11.2444,11.1358,11.1224,11.025,11.0029,10.9158,10.8878,10.8085,10.7757,10.7014,10.6655,10.5959,10.5579,10.4934,10.4526,10.3908,10.3482,10.29,10.2462,10.1899,10.146,10.0912
PATCH_48 : 21.3415,24.4333,23.3143,25.5476,23.0939,24.7369,22.7333,23.9329,22.4214,23.2943,22.153,22.7901,21.9134,22.3771,21.6889,22.023,21.4742,21.7093,21.2636,21.4233,21.0536,21.1571,20.8486,20.9081,20.6454,20.6695,20.4424,20.4411,20.2425,20.2205,20.0432,20.009,19.8474,19.7996,19.6532,19.597,19.4615,19.3981,19.2717,19.2043,19.0852,19.0124,18.9005,18.825,18.7179,18.6403,18.5358,18.4575,18.3574,18.2778
PATCH_49 : 16.2602,20.8158,18.472,19.9626,20.0691,20.0174,20.5717,20.1151,20.6686,20.1536,20.6059,20.1254,20.4696,20.0469,20.2981,19.9308,20.1094,19.7935,19.9133,19.6385,19.7145,19.4758,19.5158,19.3055,19.3198,19.1335,19.1264,18.9575,18.9351,18.7819,18.747,18.6072,18.5622,18.432,18.3791,18.2594,18.1993,18.0866,18.0232,17.9161,17.8491,17.7465,17.6753,17.5776,17.5049,17.4112,17.3375,17.2447,17.1701,17.0811
PATCH_50 : 9.14634,5.4958,5.03283,5.09954,5.27274,5.28045,5.41638,5.42198,5.49536,5.49839,5.52899,5.52809,5.53317,5.52672,5.51753,5.50768,5.48986,5.47634,5.45399,5.43832,5.41314,5.39543,5.36893,5.34988,5.32355,5.30328,5.27668,5.25553,5.22893,5.20753,5.1813,5.15934,5.13354,5.11133,5.08594,5.06382,5.03862,5.01596,4.99148,4.9691,4.94451,4.92202,4.89809,4.87562,4.85193,4.82969,4.80609,4.78387,4.76074,4.73857
PATCH_51 : 2.03252,1.11879,1.02173,1.07467,1.05692,1.0956,1.08344,1.09816,1.09243,1.095,1.09214,1.08916,1.08707,1.08157,1.07935,1.07293,1.07029,1.06366,1.06066,1.05408,1.0506,1.04428,1.04054,1.03442,1.03048,1.02458,1.02044,1.01483,1.01054,1.00511,1.00073,0.995463,0.991061,0.98591,0.981523,0.976477,0.972087,0.967179,0.962743,0.957948,0.953472,0.948803,0.944397,0.939736,0.935312,0.930814,0.926425,0.921897,0.917556,0.913078
PATCH_52 : 19.3089,20.6076,25.4592,25.1126,26.1179,26.2472,26.3432,26.6244,26.4405,26.7145,26.4398,26.6631,26.3627,26.5318,26.2349,26.3533,26.0718,26.1479,25.8865,25.9276,25.6858,25.698,25.4755,25.4645,25.2586,25.2302,25.0392,24.9947,24.8155,24.7593,24.5922,24.527,24.3695,24.2938,24.1471,24.0661,23.9243,23.8379,23.7023,23.6115,23.4814,23.3882,23.2637,23.1672,23.0453,22.9485,22.8297,22.7309,22.615,22.5158
PATCH_53 : 16.2602,25.5434,31.6952,32.1402,32.2327,32.4535,32.1038,32.1522,31.9075,31.8267,31.6952,31.5308,31.4686,31.2596,31.2297,31.0015,30.9845,30.7482,30.7317,30.4959,30.4718,30.2448,30.2089,29.9916,29.9438,29.7371,29.6787,29.4795,29.4134,29.2223,29.1458,28.9654,28.8803,28.7083,28.6156,28.4495,28.3514,28.1921,28.0889,27.9356,27.8263,27.6788,27.5673,27.423,27.31,27.1706,27.0561,26.9171,26.8028,26.6677
PATCH_54 : 24.3902,28.5064,27.8308,26.9603,27.0327,25.9575,25.9804,25.2422,25.2019,24.739,24.6457,24.3705,24.2398,24.0779,23.9261,23.833,23.6662,23.6102,23.439,23.3992,23.23,23.1944,23.0296,22.9931,22.8344,22.7942,22.6409,22.5938,22.4487,22.3953,22.2549,22.1961,22.0609,21.9969,21.8675,21.7974,21.6732,21.5993,21.4799,21.402,21.2867,21.2045,21.0928,21.0082,20.8987,20.8134,20.7069,20.6217,20.5165,20.4288
PATCH_55 : 19.3089,13.6555,11.525,11.3227,10.3477,10.2869,9.77184,9.72436,9.41651,9.36942,9.18164,9.13029,9.0166,8.96102,8.89248,8.83367,8.79223,8.73162,8.70506,8.64448,8.62473,8.56535,8.54843,8.49091,8.47436,8.41923,8.40115,8.34775,8.32844,8.27713,8.25542,8.20589,8.18272,8.13494,8.10973,8.06339,8.03665,7.99238,7.96403,7.9207,7.89157,7.84942,7.8193,7.77831,7.74696,7.70754,7.67542,7.63718,7.60478,7.56701
PATCH_56 : 0,0.725728,0.4399,0.428935,0.382591,0.369289,0.352778,0.34465,0.335766,0.330427,0.324945,0.321212,0.317611,0.314816,0.312324,0.310097,0.308249,0.306389,0.304922,0.303234,0.301978,0.30043,0.299257,0.297782,0.296665,0.29523,0.294146,0.292737,0.291591,0.29024,0.289115,0.287732,0.286573,0.285237,0.28407,0.282731,0.281554,0.280236,0.279024,0.277702,0.276512,0.275221,0.274007,0.272715,0.271488,0.270212,0.269022,0.267754,0.266544,0.265284
PATCH_57 : 24.3902,16.8259,19.5599,17.7573,18.0828,17.6439,17.2677,17.3011,16.7315,16.9242,16.346,16.5678,16.0462,16.2472,15.8002,15.9616,15.5861,15.7061,15.3927,15.4749,15.212,15.2631,15.0414,15.0669,14.8789,14.8827,14.7205,14.709,14.5667,14.5446,14.4173,14.3849,14.2703,14.2313,14.1268,14.0818,13.9855,13.937,13.8463,13.7946,13.7097,13.6557,13.5755,13.5193,13.4427,13.3848,13.3121,13.2529,13.1818,13.1234
PATCH_58 : 20.3252,29.864,25.5298,28.6744,27.2647,27.629,27.4142,26.8794,27.1161,26.3395,26.6989,25.9194,26.2675,25.5683,25.8582,25.2545,25.4763,24.9674,25.1234,24.692,24.7941,24.4291,24.4853,24.1742,24.1946,23.9255,23.9178,23.6818,23.6524,23.4434,23.3974,23.2084,23.1501,22.9775,22.9089,22.7512,22.6749,22.527,22.4455,22.306,22.2208,22.0876,21.9991,21.8748,21.7827,21.6627,21.5683,21.4522,21.3582,21.245
PATCH_59 : 25.4065,15.9213,19.9382,17.8596,19.3649,18.7568,19.0111,18.9566,18.7564,18.8919,18.5496,18.7231,18.3593,18.5164,18.1761,18.2994,17.997,18.083,17.8199,17.8726,17.6442,17.6705,17.4706,17.4741,17.299,17.284,17.128,17.1011,16.961,16.9231,16.7953,16.7492,16.6317,16.5799,16.4705,16.4131,16.311,16.2508,16.1532,16.0902,15.9974,15.9331,15.8437,15.7763,15.6918,15.6239,15.5414,15.4732,15.392,15.3224
PATCH_60 : 17.2764,25.3064,22.7867,23.4955,23.4311,23.4433,23.5433,23.4568,23.515,23.3877,23.4074,23.2557,23.2517,23.0874,23.0677,22.9011,22.8684,22.7032,22.6599,22.5006,22.4494,22.2949,22.2376,22.0893,22.0259,21.8837,21.8141,21.68,21.6066,21.4775,21.4001,21.2765,21.1963,21.0768,20.9928,20.8786,20.7942,20.6827,20.5947,20.4872,20.3997,20.2947,20.2049,20.1038,20.0141,19.9142,19.8235,19.7247,19.6358,19.5391
PATCH_61 : 6.09756,11.9876,10.4129,11.1856,10.8761,10.9695,10.9467,10.9219,10.9336,10.8847,10.8862,10.834,10.8207,10.7685,10.7439,10.6925,10.6602,10.6109,10.5721,10.5237,10.4821,10.4345,10.3901,10.3435,10.2984,10.2522,10.2057,10.1598,10.1137,10.068,10.0211,9.97582,9.92875,9.88401,9.83669,9.793,9.74601,9.70192,9.65595,9.61135,9.56624,9.52124,9.47636,9.43224,9.38797,9.34413,9.29986,9.25685,9.2126,9.16987
PATCH_62 : 18.2927,26.0012,23.6594,24.6304,24.3582,24.3419,24.3393,24.1763,24.1582,24.0231,23.9512,23.8581,23.7448,23.6797,23.5401,23.4907,23.3398,23.2959,23.1412,23.0959,22.9403,22.8924,22.7401,22.6893,22.5409,22.4838,22.3417,22.2801,22.1432,22.0756,21.9441,21.8719,21.7452,21.6688,21.547,21.468,21.3506,21.2677,21.1538,21.069,20.9595,20.8711,20.7646,20.6763,20.5724,20.4821,20.3801,20.2906,20.1892,20.0994
PATCH_63 : 17.2764,7.9796,9.48157,8.94846,8.96319,8.92078,8.74833,8.74273,8.59848,8.58263,8.48543,8.45371,8.39262,8.3497,8.31107,8.2606,8.23518,8.18156,8.16258,8.1079,8.09085,8.03623,8.02004,7.96644,7.94949,7.89791,7.87912,7.82895,7.80896,7.76083,7.7391,7.69251,7.66841,7.62389,7.59844,7.55588,7.52895,7.48747,7.4595,7.41955,7.3908,7.35214,7.32188,7.28422,7.25379,7.2171,7.18636,7.15036,7.11957,7.08387
PATCH_64 : 0,0.468675,0.354245,0.353101,0.340434,0.334791,0.327255,0.322152,0.317198,0.313342,0.310005,0.307121,0.304733,0.302505,0.300672,0.298835,0.297332,0.295734,0.294414,0.292957,0.29169,0.290354,0.289109,0.287802,0.286618,0.285326,0.284151,0.282861,0.281663,0.280423,0.279223,0.27797,0.276764,0.275505,0.274293,0.273039,0.271842,0.270584,0.269383,0.268151,0.266934,0.265703,0.264505,0.263271,0.262054,0.260838,0.25964,0.258423,0.257261,0.256056
PATCH_65 : 4.06504,0.778084,0.879236,0.697818,0.780197,0.709686,0.738341,0.70959,0.711692,0.701958,0.692685,0.690849,0.678005,0.678996,0.665919,0.667556,0.655561,0.656878,0.646291,0.646991,0.637946,0.637945,0.630095,0.629607,0.622776,0.621768,0.615791,0.614372,0.609064,0.607328,0.602582,0.60063,0.596339,0.594175,0.590136,0.587912,0.584158,0.581795,0.578253,0.57585,0.57247,0.570007,0.566797,0.564331,0.561218,0.55872,0.555728,0.553224,0.550279,0.547751
PATCH_66 : 14.2276,19.3412,14.4302,16.6446,14.939,15.6132,14.9777,14.9957,14.8175,14.5726,14.5781,14.2553,14.3227,14.0004,14.0753,13.784,13.8461,13.5922,13.6352,13.4187,13.4419,13.2563,13.2632,13.1039,13.097,12.9591,12.9397,12.8188,12.7908,12.6834,12.6488,12.5515,12.5123,12.422,12.3796,12.2969,12.2506,12.1728,12.1252,12.0518,12.0019,11.9323,11.8818,11.8151,11.7636,11.6998,11.6476,11.5851,11.5329,11.4726
PATCH_67 : 14.2276,16.5426,20.598,17.6269,19.5286,18.0972,18.728,18.1897,18.1898,18.0561,17.7995,17.8248,17.4916,17.5629,17.2306,17.302,16.9986,17.0515,16.7883,16.818,16.5895,16.6001,16.4024,16.395,16.2226,16.2009,16.0499,16.0169,15.8818,15.8394,15.7185,15.6699,15.5585,15.5047,15.4016,15.3446,15.2475,15.1873,15.0963,15.0341,14.9473,14.8841,14.8004,14.7364,14.6571,14.5922,14.5147,14.4491,14.374,14.3079
PATCH_68 : 14.2276,14.2111,13.5741,14.7134,13.6074,14.324,13.8277,14.0579,13.8835,13.8617,13.8208,13.6958,13.699,13.5431,13.5537,13.398,13.4017,13.2562,13.2488,13.1187,13.1011,12.9846,12.9576,12.8531,12.8183,12.7229,12.6836,12.597,12.5527,12.4719,12.4243,12.3489,12.2998,12.2282,12.1777,12.1087,12.057,11.9914,11.9395,11.8755,11.8225,11.7605,11.708,11.6476,11.5945,11.5363,11.4833,11.426,11.3725,11.3163
PATCH_69 : 14.2276,9.16538,8.55822,7.91416,7.93342,7.7519,7.8238,7.75412,7.77576,7.74653,7.72748,7.71231,7.67303,7.66094,7.61211,7.59915,7.54784,7.53274,7.48193,7.46374,7.4143,7.39384,7.34712,7.32393,7.27929,7.25414,7.21129,7.18522,7.14425,7.1171,7.07791,7.04935,7.01141,6.98252,6.94554,6.91594,6.88029,6.85082,6.81544,6.78598,6.75112,6.7215,6.6877,6.65755,6.62495,6.59459,6.5628,6.53197,6.50054,6.47005
PATCH_70 : 8.13008,3.34875,3.86161,3.48136,3.5221,3.4931,3.48876,3.49535,3.48431,3.48797,3.47342,3.47219,3.45464,3.44999,3.43081,3.42368,3.40419,3.39542,3.3756,3.36575,3.34609,3.33534,3.3162,3.30479,3.2862,3.27418,3.25596,3.24347,3.22589,3.21318,3.19625,3.18292,3.16653,3.1531,3.1369,3.12331,3.10761,3.09396,3.07857,3.06482,3.04964,3.03589,3.02087,3.00729,2.99258,2.97887,2.96437,2.95073,2.93638,2.92273
PATCH_71 : 15.2439,10.4089,9.88446,8.99115,9.02138,8.92259,8.87752,8.88978,8.83942,8.84103,8.80209,8.78196,8.75159,8.7168,8.69108,8.647,8.62361,8.57506,8.55203,8.50188,8.47805,8.42788,8.40296,8.35354,8.32689,8.27829,8.25097,8.20424,8.17569,8.13011,8.0999,8.05542,8.02503,7.98202,7.95025,7.90793,7.87587,7.83525,7.80183,7.76234,7.72917,7.69009,7.65641,7.61854,7.58449,7.54745,7.51319,7.47706,7.44244,7.40657
PATCH_72 : 2.03252,0.685208,0.540263,0.530331,0.516835,0.514886,0.51248,0.509194,0.507765,0.504687,0.50317,0.500426,0.498714,0.496253,0.494409,0.492098,0.490154,0.487931,0.485926,0.483786,0.481701,0.479566,0.477507,0.475388,0.473275,0.471154,0.469051,0.466954,0.464855,0.462765,0.460656,0.458567,0.456466,0.454382,0.452281,0.450218,0.448131,0.446075,0.44399,0.441945,0.439889,0.43786,0.435786,0.433768,0.431753,0.429749,0.427707,0.425716,0.423721,0.421717
PATCH_73 : 1.01626,0.407995,0.4416,0.343385,0.386075,0.350788,0.36443,0.350658,0.350981,0.346636,0.341482,0.341011,0.33421,0.335057,0.328252,0.32933,0.323151,0.32402,0.318611,0.319121,0.314486,0.314636,0.310646,0.310495,0.307024,0.306626,0.303599,0.302949,0.300294,0.299493,0.297114,0.296172,0.293996,0.293002,0.290964,0.289899,0.288014,0.286879,0.28511,0.28395,0.282258,0.281064,0.279465,0.278259,0.276724,0.275488,0.27402,0.272787,0.271331,0.270092
PATCH_74 : 3.04878,3.57578,3.23748,3.53173,3.22038,3.39197,3.2302,3.28299,3.21006,3.2011,3.16975,3.1352,3.12172,3.08005,3.073,3.03174,3.02655,2.9886,2.98272,2.94921,2.9421,2.9124,2.90451,2.87798,2.86895,2.84517,2.83529,2.8139,2.80339,2.78366,2.77266,2.75458,2.74301,2.72604,2.71419,2.69812,2.68623,2.67084,2.65882,2.64408,2.63206,2.61786,2.60572,2.59216,2.57992,2.56668,2.55484,2.54166,2.52969,2.51694
PATCH_75 : 1.01626,0.717548,0.921283,0.821173,0.851726,0.820837,0.823692,0.810232,0.803624,0.796753,0.786808,0.782601,0.772158,0.769074,0.75923,0.756522,0.747625,0.744969,0.737056,0.734361,0.727404,0.724615,0.718358,0.71546,0.709869,0.706901,0.701811,0.698766,0.694111,0.690962,0.686622,0.683481,0.679415,0.676315,0.672323,0.669248,0.665499,0.662385,0.658707,0.655645,0.652147,0.649078,0.645711,0.642637,0.639324,0.636283,0.633031,0.630014,0.626882,0.623851
PATCH_76 : 0,0.149313,0.0942784,0.0904974,0.0825872,0.082852,0.0817543,0.0816324,0.0815579,0.0812753,0.081226,0.080909,0.0807431,0.0804231,0.0801704,0.0798497,0.0795378,0.0792193,0.0788651,0.0785515,0.0781797,0.0778649,0.0774798,0.0771704,0.0767864,0.076469,0.0760828,0.0757643,0.0753877,0.0750704,0.0746996,0.0743763,0.0740001,0.0736851,0.0733211,0.072995,0.0726339,0.0723118,0.0719603,0.0716319,0.0712883,0.0709657,0.0706208,0.070295,0.0699583,0.0696378,0.0693028,0.0689798,0.0686512,0.0683301
PATCH_77 : 1.01626,0.143463,0.0899517,0.0862457,0.0789279,0.0791799,0.0779664,0.0780524,0.0778315,0.0776891,0.0775827,0.0773059,0.0771573,0.0768236,0.0766173,0.0762627,0.0760085,0.0756493,0.0753647,0.0750075,0.0746998,0.0743442,0.074029,0.0736789,0.0733496,0.073005,0.072672,0.0723326,0.072,0.0716667,0.0713346,0.0710028,0.0706684,0.0703417,0.0700088,0.0696834,0.0693559,0.0690327,0.0687053,0.068383,0.0680615,0.0677431,0.0674219,0.0671038,0.0667848,0.0664764,0.06616,0.0658463,0.0655382,0.0652276
PATCH_78 : 0,0.174397,0.10718,0.102465,0.0940743,0.094346,0.0926885,0.0930407,0.0926069,0.0925766,0.0923828,0.0920899,0.0919197,0.0914921,0.0912882,0.0908056,0.0905597,0.0900669,0.0897866,0.0892921,0.0889814,0.0884975,0.0881732,0.0877029,0.0873544,0.086899,0.0865422,0.0860961,0.0857346,0.0852955,0.0849323,0.0845076,0.0841323,0.0837157,0.0833423,0.0829324,0.0825546,0.0821531,0.0817828,0.0813813,0.0810117,0.0806153,0.0802463,0.0798594,0.0794904,0.0791109,0.0787427,0.078369,0.0779952,0.0776257


