####################################################################################################
######################################## SURROGATE RESULTS #########################################
####################################################################################################
IAR_0        END_POP_0        END_POP_SD0
0.00546701    1.04326    0.00392644
0.0294396    0.313018    0.00111227
0.0182164    0.646913    0.00258305
0.0117489    0.797651    0.00294715
0.0238078    0.427215    0.00153472
0.00863193    0.869057    0.00325226
0.0144138    0.773058    0.00305245
0.0205313    0.545379    0.0021104
0.0259312    0.351865    0.00128047
0.0100356    0.886781    0.00329294
0.000863471    1.33777    0.00511744
0.0034518    1.1671    0.00438934
0.00685149    0.988899    0.00371268
0.0157215    0.741776    0.00300302
0.0170341    0.543782    0.00187529
0.00238841    1.29788    0.00494121
0.00444116    1.1132    0.00419435
0.00780778    0.920682    0.00346042
0.00159813    1.27316    0.00469788
0.0110674    0.820421    0.00309493
6.73261e-06    1.37936    0.00525374
0.0093101    0.901113    0.00336112
0.00618822    0.980991    0.00367078
0.00287587    1.23114    0.00466329
0.00396824    1.15773    0.00438082
0.00487729    1.09924    0.00417814
0.00743802    0.968099    0.00363024
0.00830012    0.900137    0.00338238
0.0057802    1.06402    0.00400203
0.00518814    1.08618    0.00409579
0.0096869    0.870893    0.00328643
0.00652603    1.00784    0.00381512
0.00722104    0.967457    0.00359733
0.00308727    1.21796    0.00466749
0.00218745    1.26377    0.00480485
0.0036317    1.15734    0.00431774
0.0032652    1.13354    0.00422829
0.00414612    1.11794    0.00419989
0.00601099    1.03827    0.00391353
0.00379814    1.08515    0.0040281
0.012482    0.701536    0.00261366
0.000380764    1.36662    0.00518659
0.0070335    0.991881    0.00375931
0.00461777    1.06126    0.00396879
0.00562385    1.0252    0.00377815
0.00502127    1.07013    0.0039714
0.0063313    0.978711    0.00365996
0.00815943    0.903291    0.0033682
0.00792886    0.926316    0.00350716
0.0053475    1.06387    0.00405256
